Input: [0.688860 -0.229960 ]
label: [0.887660 0.432100 ]
Error: [0.198800 0.662060 ]
Training step done!
Input: [0.688860 -0.229960 ]
label: [0.887660 0.432100 ]
Error: [0.198800 0.662060 ]
Training step done!
Input: [0.700060 -0.129960 ]
label: [0.887660 0.432100 ]
Error: [0.187600 0.562060 ]
Training step done!
Input: [0.700060 -0.129960 ]
label: [0.887660 0.832100 ]
Error: [0.187600 0.962060 ]
Training step done!
